-7.500000000000000000e+01
-8.881827903414749414e+01
-4.400000000000000000e+01
-3.139426939595684019e+01
-6.257793156100412091e+01
-5.319938205713398105e+01
-2.000000000000000000e+01
-1.200000000000000000e+01
-2.600000000000000000e+01
-8.885649535633177720e+01
-1.700000000000000000e+01
-1.777082142635902073e+01
-4.900000000000000000e+01
-2.040100590793493396e+01
-1.020372595147112804e+02
-3.800000000000000000e+01
-3.179420640512999796e+01
-8.114656209463143455e+01
-8.500000000000000000e+01
-4.231031383309951366e+01
-3.515762899566490773e+01
-9.983527986469665549e+00
-3.767053129944754630e+01
-6.000000000000000000e+01
-8.294752830067521643e+01
-4.544549122616295733e+01
-6.699437317105866896e+01
-4.600000000000000000e+01
-7.819917869590955206e+01
-1.034546427113983214e+02
-3.635853238972933354e+01
-4.734627200816964887e+01
-5.773325846111780635e+01
-4.243708152209033813e+01
-4.200000000000000000e+01
-1.370000000000000000e+02
-1.284495420394329699e+02
-3.808887581560954061e+01
-5.400000000000000000e+01
-2.462826511096014315e+01
-5.113727215987518093e+01
-9.011169447938814869e+01
-2.999321373752543707e+01
-1.089323407491465048e+02
-4.965800611974434986e+01
-1.279835404107790282e+02
-1.564781852674937923e+01
-4.183695883451771635e+01
-7.200000000000000000e+01
-2.900000000000000000e+01
-3.600000000000000000e+01
-5.739987428434869088e+01
-8.400000000000000000e+01
-2.221153409847930504e+01
-2.849519121113062781e+01
-1.080590024288068633e+02
-2.186755454260728015e+01
-3.650641509979817556e+01
-4.874460691214584784e+01
-8.628558438117039486e+01
-4.000000000000000000e+01
-3.599418390021231318e+01
-6.275916900141271526e+01
-6.100000000000000000e+01
-5.776543266654500997e+01
-3.700000000000000000e+01
-9.439647713367207871e+01
-4.193190284770653875e+01
-8.632445509123717997e+00
-4.300000000000000000e+01
-1.095715827339505388e+01
-8.700000000000000000e+01
-4.906727571479468253e+01
-6.485355648223314518e+01
-3.800000000000000000e+01
-3.682973530249895333e+01
-9.031450624859006382e+01
-3.031460218060988154e+01
-1.685864990271337263e+02
-5.100000000000000000e+01
-2.947565749173022809e+01
-4.375886066187791101e+01
-9.358021456482865119e+01
-2.526564901547579822e+01
-6.428028589889200362e+01
-7.084056405186404959e+01
-2.199264137798345686e+01
-3.800000000000000000e+01
-5.700000000000000000e+01
-4.841348351903756964e+01
-6.241099156095695832e+01
-8.326164423271073645e+01
-7.500000000000000000e+01
-5.000000000000000000e+01
-6.100000000000000000e+01
-1.522366154452429932e+01
-2.222024109289507265e+01
-3.061080165904567707e+01
-1.880944850638318755e+01
-3.741677419341458943e+01
-6.532382670596130936e+01
-4.770880980898880352e+01
-8.700000000000000000e+01
-2.210717200452281617e+01
-4.663234366349842475e+01
-5.651790351969415838e+01
-5.499055872122136890e+01
-5.081464504608015176e+01
-5.545563289863466139e+01
-1.111267041834695846e+02
-4.760750264448357427e+01
-7.397652346882952656e+01
-3.197875571582034127e+01
-2.200000000000000000e+01
-5.467195045438641543e+00
-1.069022687901883302e+02
-7.380432733416451185e+01
-1.221530617059514157e+02
-1.526111630068840839e+02
-2.890762617527006384e+01
-2.069595681015636046e+01
-8.555660673212604195e+01
-2.328196857945100362e+01
-3.200000000000000000e+01
-6.500000000000000000e+01
-4.854354844821719439e+01
-7.100000000000000000e+01
-1.100556237916183306e+02
-3.100000000000000000e+01
-9.990642650501678190e+01
-3.700000000000000000e+01
-2.700000000000000000e+01
-2.721928269369531961e+01
-1.250000000000000000e+02
-7.663414820679716399e+01
-4.537945816281337130e+01
-2.918838786488624137e+01
-2.496246286899791045e+01
-5.921435495050590703e+01
-4.766653529510703891e+01
-1.010000000000000000e+02
-5.079654638804763778e+01
-4.756426929509389367e+01
-1.111949334788301940e+02
-4.490214059714030981e+01
-2.100000000000000000e+01
-5.472715890552901641e+01
-5.900000000000000000e+01
-7.600000000000000000e+01
-2.966009048452719199e+01
-8.752801792107588597e+01
-8.610264917624326131e+01
-2.599142489533966938e+01
-4.041614367217264459e+01
-1.680071874113235708e+02
-4.395252664077519000e+01
-8.047500214754205672e+01
-9.900000000000000000e+01
-9.009706320161645010e+01
-5.586909917679611226e+01
-5.087295214103915697e+01
-2.000000000000000000e+01
-2.669583009109841498e+01
-1.789597712214091274e+01
-4.346628267934629974e+01
-4.071944158654468282e+01
-6.605900873413840202e+01
-4.500000000000000000e+01
-4.624358060155689287e+01
-5.288980667066421404e+01
-4.000000000000000000e+01
-1.300000000000000000e+01
-3.177254640121705265e+01
-8.481988338212448753e+01
-4.473938648047738553e+01
-1.957861547695578963e+01
-2.825256923978154688e+01
-6.900000000000000000e+01
-7.506813845365269344e+01
-5.144655554456753066e+01
-4.800000000000000000e+01
-9.200000000000000000e+01
-7.948738570837551265e+01
-8.206776580736324433e+01
-4.900000000000000000e+01
-2.916861093454109266e+01
-5.690432231046151657e+01
-4.590971343181359288e+01
-2.172270754967397011e+01
-4.900000000000000000e+01
-1.015481360305469565e+02
-5.912840807345092742e+01
-8.831287068959942133e+01
-8.307667330225383751e+01
-5.418346119423438267e+01
-4.434992742607028759e+01
-4.200000000000000000e+01
-1.800000000000000000e+01
-6.497928370111831953e+01
-2.941535321023516403e+01
-4.700000000000000000e+01
-7.525947972150387955e+01
-1.415900106470122068e+02
-5.100000000000000000e+01
-6.005814165834941321e+01
-2.891802565930905544e+01
-5.673858064363349740e+01
-7.042999326062385990e+01
-3.108071098643093322e+01
-5.911608311400806315e+01
-5.214768069672801687e+01
-4.073797564074674682e+01
-3.658678917477703152e+01
-2.000000000000000000e+01
-1.401365355475925867e+02
-3.919125614687703774e+01
-2.800000000000000000e+01
-8.665347653779382142e+01
-9.552645534651955472e+01
-1.737881891403132784e+01
-6.135104917721565698e+01
-3.431176711813211000e+01
-7.155529673482671171e+01
-7.000000000000000000e+01
-6.957455044150169954e+01
-5.920388547764053300e+01
-1.803817163544013980e+01
-7.335432661999490733e+01
-1.957005442704428333e+01
-1.075536302634716037e+02
-1.269039126516831395e+01
-9.321508195069330327e+01
-9.302052819287146690e+01
-7.178469184014674909e+01
-9.796136586036482186e+00
-5.494378017063652209e+01
-3.206913564013343176e+01
-1.900000000000000000e+01
-3.700000000000000000e+01
-5.626025010907104473e+01
-6.089684434713296213e+01
-1.489477574825780870e+01
-2.655440586436726846e+01
-4.380801139989369375e+01
-2.987213672860865188e+01
-8.549672917646545045e+01
-1.423409021763656597e+02
-4.700000000000000000e+01
-3.851702509071368752e+01
-8.442767938153912155e+01
-5.697658994695189705e+01
-3.490344454518768913e+01
-1.100000000000000000e+01
-2.000000000000000000e+01
-1.069644991588175174e+02
-1.436593951969392613e+01
-3.500000000000000000e+01
-3.466180678557773120e+01
-5.381626235657108737e+01
-3.449420445085550568e+01
-1.489411337286165704e+01
-7.957775504421856283e+01
-6.200000000000000000e+01
-5.322430049240592353e+01
-7.490416400160295751e+00
-3.570947933253026463e+01
-9.700000000000000000e+01
-3.142529221595386701e+01
-3.587464773929031026e+01
-3.083410480107077589e+01
-4.300000000000000000e+01
-1.600000000000000000e+02
-5.450408387468050364e+01
-8.416830807664379677e+01
-6.458354605097810008e+01
-8.760101105567343893e+01
-5.300000000000000000e+01
-9.167339312045318422e+01
-5.508223619205373467e+01
-3.673264392448697180e+01
-3.981670246209391451e+01
-4.856615087613099746e+01
-8.351976475805687983e+01
-5.338170482744023282e+00
-4.867352006054652236e+01
-5.200000000000000000e+01
-7.192967237973738293e+01
-2.319058638322034938e+01
-7.000000000000000000e+01
-3.289951442006991300e+01
-3.492646175223978844e+01
-1.582822395333507437e+01
-1.466362718897659434e+01
-1.141085257877546866e+02
-5.600000000000000000e+01
-4.396208872763596531e+01
-6.452039618648205987e+01
-6.330228572739356707e+01
-1.592838652512966746e+01
-4.227395400206589926e+01
-4.000000000000000000e+01
